%%File Notes

%Run NPChi before running
%All generated chi values are in cgs units (dyne cm/g) 
%To convert cgs to other cgs or SI, see the section about conversions 

%% Plot settings
RedAccent =[229/255,20/255,0/255];
BlueAccent =[76/255,174/255,227/255];
GreenAccent =[51/255,153/255,51/255];
White=[1 1 1];
Black=[0 0 0];
DefaultBlue=[0    0.4470    0.7410];
DefaultOrange=[0.8500    0.3250    0.0980];
DefaultYellow=[0.9290    0.6940    0.1250];
DefaultPurple=[0.4940    0.1840    0.5560];
DefaultGreen=[0.4660    0.6740    0.1880];
DefaultLightBlue=[0.3010    0.7450    0.9330];
DefaultCrimson=[0.6350    0.0780    0.1840];
MarkerSize=7;
LineWidth=2.5;
PlotLineWidth=3;
MarkerLineWidth=2;
% Scatter plot Marker size (squared)
sz = 25;
% Font size
fs = 20;

%% %Import Variables
er_field_oe_4k = [0.00E+00 1.00E+03 2.00E+03 3.00E+03 4.00E+03 5.00E+03 5.00E+03 7.50E+03 1.00E+04 1.25E+04 1.50E+04 1.75E+04 2.00E+04 2.00E+04 2.50E+04 3.00E+04 3.50E+04 4.00E+04 4.50E+04 5.00E+04 5.50E+04 6.00E+04 6.50E+04 7.00E+04 7.00E+04 6.50E+04 6.00E+04 5.50E+04 5.00E+04 4.50E+04 4.00E+04 3.50E+04 3.00E+04 2.50E+04 2.00E+04 2.00E+04 1.75E+04 1.50E+04 1.25E+04 1.00E+04 7.50E+03 5.00E+03 5.00E+03 4.00E+03 3.00E+03 2.00E+03 0.00E+00 0.00E+00 -1.00E+03 -2.00E+03 -3.00E+03 -4.00E+03 -5.00E+03 -5.00E+03 -7.50E+03 -1.00E+04 -1.25E+04 -1.50E+04 -1.75E+04 -2.00E+04 -2.00E+04 -2.50E+04 -3.00E+04 -3.50E+04 -4.00E+04 -4.50E+04 -5.00E+04 -5.50E+04 -6.00E+04 -6.50E+04 -7.00E+04 -7.00E+04 -6.50E+04 -6.00E+04 -5.50E+04 -5.00E+04 -4.50E+04];
er_moment_emuperg_4k = [8.10E-02 5.40E+00 1.05E+01 1.53E+01 1.97E+01 2.44E+01 2.41E+01 3.52E+01 4.58E+01 5.55E+01 6.48E+01 7.32E+01 8.09E+01 8.11E+01 9.42E+01 1.05E+02 1.13E+02 1.20E+02 1.23E+02 1.25E+02 1.26E+02 1.29E+02 1.29E+02 1.30E+02 1.29E+02 1.31E+02 1.27E+02 1.29E+02 1.25E+02 1.23E+02 1.20E+02 1.13E+02 1.05E+02 9.41E+01 8.06E+01 8.05E+01 7.28E+01 6.45E+01 5.53E+01 4.54E+01 3.48E+01 2.37E+01 2.37E+01 1.91E+01 1.44E+01 9.98E+00 -8.15E-02 -8.15E-02 -5.22E+00 -1.03E+01 -1.51E+01 -2.00E+01 -2.41E+01 -2.41E+01 -3.53E+01 -4.60E+01 -5.58E+01 -6.50E+01 -7.34E+01 -8.11E+01 -8.11E+01 -9.44E+01 -1.05E+02 -1.12E+02 -1.18E+02 -1.23E+02 -1.24E+02 -1.27E+02 -1.29E+02 -1.30E+02 -1.31E+02 -1.29E+02 -1.29E+02 -1.29E+02 -1.25E+02 -1.25E+02 -1.23E+02];

er_field_oe_rt = [0.00E+00 1.00E+03 2.00E+03 3.00E+03 4.00E+03 5.00E+03 5.00E+03 7.50E+03 1.00E+04 1.25E+04 1.50E+04 1.75E+04 2.00E+04 2.00E+04 2.50E+04 3.00E+04 3.50E+04 4.00E+04 4.50E+04 5.00E+04 5.50E+04 6.00E+04 6.50E+04 7.00E+04 7.00E+04 6.50E+04 6.00E+04 5.50E+04 5.00E+04 4.50E+04 4.00E+04 3.50E+04 3.00E+04 2.50E+04 2.00E+04 2.00E+04 1.75E+04 1.50E+04 1.25E+04 1.00E+04 7.50E+03 5.00E+03 5.00E+03 4.00E+03 3.00E+03 2.00E+03 1.00E+03 0.00E+00 0.00E+00 -1.00E+03 -2.00E+03 -3.00E+03 -4.00E+03 -5.00E+03 -5.00E+03 -7.50E+03 -1.00E+04 -1.25E+04 -1.50E+04 -1.75E+04 -2.00E+04 -2.00E+04 -2.50E+04 -3.00E+04 -3.50E+04 -4.00E+04 -4.50E+04 -5.00E+04 -5.50E+04 -6.00E+04 -6.50E+04 -7.00E+04 -7.00E+04 -6.50E+04 -6.00E+04 -5.50E+04 -5.00E+04 -4.50E+04 -4.00E+04 -3.50E+04 -3.00E+04 -2.50E+04 -2.00E+04 -2.00E+04 -1.75E+04 -1.50E+04 -1.25E+04 -1.00E+04 -7.50E+03 -5.00E+03 -5.00E+03 -4.00E+03 -3.00E+03 -2.00E+03 -1.00E+03 0.00E+00];
er_moment_emuperg_rt = [6.34E-04 1.97E-01 3.91E-01 5.88E-01 7.82E-01 9.76E-01 9.77E-01 1.46E+00 1.95E+00 2.43E+00 2.92E+00 3.41E+00 3.90E+00 3.90E+00 4.86E+00 5.85E+00 6.83E+00 7.85E+00 8.79E+00 9.70E+00 1.07E+01 1.16E+01 1.25E+01 1.34E+01 1.34E+01 1.25E+01 1.16E+01 1.07E+01 9.70E+00 8.77E+00 7.80E+00 6.80E+00 5.82E+00 4.86E+00 3.89E+00 3.88E+00 3.40E+00 2.91E+00 2.43E+00 1.94E+00 1.46E+00 9.76E-01 9.75E-01 7.81E-01 6.00E-01 3.91E-01 1.97E-01 -2.21E-03 -2.50E-03 -1.99E-01 -3.92E-01 -5.88E-01 -7.82E-01 -9.77E-01 -9.78E-01 -1.46E+00 -1.95E+00 -2.44E+00 -2.91E+00 -3.37E+00 -3.88E+00 -3.88E+00 -4.86E+00 -5.86E+00 -6.86E+00 -7.83E+00 -8.81E+00 -9.75E+00 -1.07E+01 -1.17E+01 -1.25E+01 -1.34E+01 -1.34E+01 -1.25E+01 -1.16E+01 -1.07E+01 -9.81E+00 -8.78E+00 -7.79E+00 -6.80E+00 -5.83E+00 -4.87E+00 -3.89E+00 -3.89E+00 -3.40E+00 -2.92E+00 -2.43E+00 -1.95E+00 -1.47E+00 -9.79E-01 -9.76E-01 -7.80E-01 -5.86E-01 -3.90E-01 -1.98E-01 3.10E-03];

er_temp_k = [2.00 7.01E+00 1.20E+01 1.70E+01 2.20E+01 2.70E+01 3.20E+01 3.70E+01 4.20E+01 4.70E+01 5.20E+01 5.70E+01 6.20E+01 6.70E+01 7.20E+01 7.70E+01 8.20E+01 8.70E+01 9.21E+01 9.71E+01 1.02E+02 1.07E+02 1.12E+02 1.17E+02 1.22E+02 1.27E+02 1.32E+02 1.37E+02 1.42E+02 1.47E+02 1.52E+02 1.57E+02 1.62E+02 1.67E+02 1.72E+02 1.77E+02 1.82E+02 1.87E+02 1.92E+02 1.97E+02 2.02E+02 2.07E+02 2.12E+02 2.17E+02 2.22E+02 2.27E+02 2.32E+02 2.37E+02 2.42E+02 2.47E+02 2.52E+02 2.57E+02 2.62E+02 2.67E+02 2.72E+02 2.77E+02 2.82E+02 2.87E+02 2.92E+02 2.97E+02];
er_moment_emuperg_temp = [1.27E+02 1.31E+02 1.20E+02 1.09E+02 9.87E+01 8.94E+01 8.26E+01 7.61E+01 7.01E+01 6.51E+01 6.02E+01 5.62E+01 5.21E+01 4.91E+01 4.62E+01 4.38E+01 4.18E+01 3.97E+01 3.78E+01 3.60E+01 3.43E+01 3.29E+01 3.16E+01 3.03E+01 2.91E+01 2.81E+01 2.72E+01 2.61E+01 2.52E+01 2.45E+01 2.38E+01 2.31E+01 2.25E+01 2.20E+01 2.14E+01 2.12E+01 2.06E+01 2.01E+01 1.95E+01 1.92E+01 1.87E+01 1.83E+01 1.79E+01 1.75E+01 1.71E+01 1.68E+01 1.66E+01 1.62E+01 1.59E+01 1.56E+01 1.54E+01 1.50E+01 1.47E+01 1.45E+01 1.42E+01 1.39E+01 1.37E+01 1.35E+01 1.33E+01 1.30E+01];

gd_field_oe_4k = [0.00E+00 1.00E+03 2.00E+03 3.00E+03 4.00E+03 5.00E+03 5.00E+03 7.50E+03 1.00E+04 1.25E+04 1.50E+04 1.75E+04 2.00E+04 2.00E+04 2.50E+04 3.00E+04 3.50E+04 4.00E+04 4.50E+04 5.00E+04 5.50E+04 6.00E+04 6.50E+04 7.00E+04 7.00E+04 6.50E+04 6.00E+04 5.50E+04 5.00E+04 4.50E+04 4.00E+04 3.50E+04 3.00E+04 2.00E+04 2.00E+04 1.75E+04 1.50E+04 1.25E+04 1.00E+04 7.50E+03 5.00E+03 5.00E+03 4.00E+03 3.00E+03 2.00E+03 1.00E+03 0.00E+00 0.00E+00 -1.00E+03 -2.00E+03 -3.00E+03 -4.00E+03 -5.00E+03 -5.00E+03 -7.50E+03 -1.00E+04 -1.25E+04 -1.50E+04 -1.75E+04 -2.00E+04 -2.00E+04 -2.50E+04 -3.00E+04 -3.50E+04 -4.00E+04 -4.50E+04 -5.00E+04 -5.50E+04 -6.00E+04 -6.50E+04 -7.00E+04 -7.00E+04 -6.50E+04 -6.00E+04 -5.50E+04 -5.00E+04 -4.50E+04 -4.00E+04 -3.50E+04 -3.00E+04 -2.50E+04 -2.00E+04 -2.00E+04 -1.75E+04 -1.50E+04 -1.25E+04 -1.00E+04 -7.50E+03 -5.00E+03 -5.00E+03 -4.00E+03 -3.00E+03 -2.00E+03 -1.00E+03 0.00E+00];
gd_moment_emuperg_4k = [-2.83E-03 2.83E+00 5.73E+00 8.68E+00 1.17E+01 1.47E+01 1.48E+01 2.21E+01 2.94E+01 3.66E+01 4.30E+01 4.96E+01 5.58E+01 5.58E+01 6.74E+01 7.57E+01 8.57E+01 9.54E+01 1.04E+02 1.10E+02 1.19E+02 1.26E+02 1.33E+02 1.38E+02 1.38E+02 1.33E+02 1.26E+02 1.19E+02 1.12E+02 1.04E+02 9.48E+01 8.55E+01 7.55E+01 5.64E+01 5.64E+01 5.02E+01 4.38E+01 3.70E+01 3.00E+01 2.27E+01 1.53E+01 1.53E+01 1.22E+01 9.24E+00 6.16E+00 3.07E+00 -4.94E-02 -4.98E-02 -3.13E+00 -6.23E+00 -9.34E+00 -1.25E+01 -1.55E+01 -1.56E+01 -2.32E+01 -3.03E+01 -3.74E+01 -4.43E+01 -5.06E+01 -5.68E+01 -5.68E+01 -6.72E+01 -7.77E+01 -8.78E+01 -9.15E+01 -1.00E+02 -1.08E+02 -1.16E+02 -1.22E+02 -1.29E+02 -1.34E+02 -1.34E+02 -1.28E+02 -1.23E+02 -1.17E+02 -1.09E+02 -1.00E+02 -9.24E+01 -8.33E+01 -7.40E+01 -6.38E+01 -5.22E+01 -5.22E+01 -4.64E+01 -4.05E+01 -3.43E+01 -2.78E+01 -2.11E+01 -1.42E+01 -1.42E+01 -1.20E+01 -8.96E+00 -6.07E+00 -3.06E+00 5.28E-02];

